0.909553
0.97798
0.976615
0.912853
0.821981
0.973124
0.858161
0.811919
0.810929
0.398036
0.66247
0.944662
0.752282
0.960534
0.707275
0.766431
0.746864
0.919268
0.985985
0.985309
0.910329
0.823778
0.935697
0.937259
0.365781
0.912754
0.947135
0.414991
0.896784
0.86217
0.703793
0.922355
0.898437
0.536013
0.929545
0.868064
0.922794
0.969115
0.712532
0.643301
0.953526
0.970206
0.91088
0.901174
0.883262
0.971347
0.904538
0.881659
0.748045
0.827157
0.954843
0.966486
0.938625
0.938911
0.90192
0.906694
0.928196
0.906962
0.72022
0.721973
0.839713
0.899078
0.936577
0.946092
0.868056
0.676535
0.879976
0.942631
0.538839
0.920355
0.940227
0.670896
0.674319
0.574092
0.53929
0.873173
0.868206
0.880775
0.942235
0.873203
0.906256
0.892349
0.859788
0.77101
0.478362
0.880642
0.646674
0.936333
0.873257
0.846494
0.910532
0.895891
0.824455
0.898129
0.915204
0.785152
0.89738
0.829306
0.544308
0.46439
0.803214
0.893216
0.88077
0.854219
0.855499
0.890698
0.887986
0.882824
0.816862
0.762768
0.834914
0.8397
0.85928
0.69071
0.838259
0.814757
0.848601
0.796252
0.89338
0.862194
0.918199
0.841546
0.857751
0.855237
0.826169
0.835712
0.790496
0.861901
0.843904
0.778626
0.901744
0.847955
0.756385
0.745725
0.821257
0.825247
0.864535
0.879002
0.907866
0.921381
0.878375
0.855986
0.914174
0.943965
0.928972
0.926169
0.892289
0.884789
0.858025
0.830302
0.869375
0.875244
0.81818
0.844671
0.877513
0.884095
0.842099
0.931068
0.859663
0.798406
0.760446
0.765513
0.843242
0.830959
0.779911
0.802975
0.805567
0.810498
0.723101
0.726213
0.79067
0.787322
0.819852
0.780088
0.871057
0.81814
0.724514
0.737121
0.743269
0.751909
0.993124
0.971532
0.791045
0.808866
0.803026
0.648438
0.795008
0.812268
0.784438
0.779617
0.7991
0.792698
0.784563
0.683175
0.753716
0.749005
0.853038
0.864234
0.817966
0.824046
0.787496
0.772101
0.766666
0.735621
0.774616
0.766155
0.81281
0.851139
0.658013
0.778163
0.787506
0.79136
0.760243
0.75898
0.846434
0.900586
0.846005
0.836983
0.761219
0.788628
0.758867
0.66347
0.830063
0.830887
0.6888
0.78979
0.724461
0.721437
0.70982
0.729872
0.691143
0.692132
0.7278
0.795477
0.74465
0.753853
0.699224
0.710435
0.751808
0.757942
0.809607
0.830922
0.744743
0.826419
0.823135
0.678407
0.632003
0.591582
0.76099
0.802641
0.852757
0.817789
0.856088
0.821114
0.722654
0.761145
0.773138
0.360285
0.67239
0.806675
0.489647
0.70409
0.600176
0.721632
0.6773
0.481996
0.453756
0.682832
0.78398
0.797075
0.816565
0.754629
0.761316
0.744518
0.805718
0.691989
0.714725
0.728367
0.611201
0.708571
0.491832
0.496971
0.767157
0.67788
0.690743
0.678672
0.818815
0.786264
0.684759
0.637324
0.793495
0.755758
0.859757
0.807338
0.715665
0.439019
0.668997
0.834603
0.819084
0.816116
0.813702
0.664652
0.701412
0.879861
0.789961
0.698972
0.665894
0.779279
0.771657
0.783426
0.763741
0.836055
0.765665
0.830728
0.681347
0.66893
0.587462
0.689905
0.717064
0.493526
0.909553
0.97798
0.976615
0.912853
0.821981
0.973124
0.858161
0.811919
0.810929
0.398036
0.66247
0.944662
0.752282
0.960534
0.707275
0.766431
0.746864
0.919268
0.985985
0.985309
0.910329
0.823778
0.935697
0.937259
0.365781
0.912754
0.947135
0.414991
0.896784
0.86217
0.703793
0.922355
0.898437
0.536013
0.929545
0.868064
0.922794
0.969115
0.712532
0.643301
0.953526
0.970206
0.91088
0.901174
0.883262
0.971347
0.904538
0.881659
0.748045
0.827157
0.954843
0.966486
0.938625
0.938911
0.90192
0.906694
0.928196
0.906962
0.72022
0.721973
0.839713
0.899078
0.936577
0.946092
0.868056
0.676535
0.879976
0.942631
0.538839
0.920355
0.940227
0.670896
0.674319
0.574092
0.53929
0.873173
0.868206
0.880775
0.942235
0.873203
0.906256
0.892349
0.859788
0.77101
0.478362
0.880642
0.646674
0.936333
0.873257
0.846494
0.910532
0.895891
0.824455
0.898129
0.915204
0.785152
0.89738
0.829306
0.544308
0.46439
0.803214
0.893216
0.88077
0.854219
0.855499
0.890698
0.887986
0.882824
0.816862
0.762768
0.834914
0.8397
0.85928
0.69071
0.838259
0.814757
0.848601
0.796252
0.89338
0.862194
0.918199
0.841546
0.857751
0.855237
0.826169
0.835712
0.790496
0.861901
0.843904
0.778626
0.901744
0.847955
0.756385
0.745725
0.821257
0.825247
0.864535
0.879002
0.907866
0.921381
0.878375
0.855986
0.914174
0.943965
0.928972
0.926169
0.892289
0.884789
0.858025
0.830302
0.869375
0.875244
0.81818
0.844671
0.877513
0.884095
0.842099
0.931068
0.859663
0.798406
0.760446
0.765513
0.843242
0.830959
0.779911
0.802975
0.805567
0.810498
0.723101
0.726213
0.79067
0.787322
0.819852
0.780088
0.871057
0.81814
0.724514
0.737121
0.743269
0.751909
0.993124
0.971532
0.791045
0.808866
0.803026
0.648438
0.795008
0.812268
0.784438
0.779617
0.7991
0.792698
0.784563
0.683175
0.753716
0.749005
0.853038
0.864234
0.817966
0.824046
0.787496
0.772101
0.766666
0.735621
0.774616
0.766155
0.81281
0.851139
0.658013
0.778163
0.787506
0.79136
0.760243
0.75898
0.846434
0.900586
0.846005
0.836983
0.761219
0.788628
0.758867
0.66347
0.830063
0.830887
0.6888
0.78979
0.724461
0.721437
0.70982
0.729872
0.691143
0.692132
0.7278
0.795477
0.74465
0.753853
0.699224
0.710435
0.751808
0.757942
0.809607
0.830922
0.744743
0.826419
0.823135
0.678407
0.632003
0.591582
0.76099
0.802641
0.852757
0.817789
0.856088
0.821114
0.722654
0.761145
0.773138
0.360285
0.67239
0.806675
0.489647
0.70409
0.600176
0.721632
0.6773
0.481996
0.453756
0.682832
0.78398
0.797075
0.816565
0.754629
0.761316
0.744518
0.805718
0.691989
0.714725
0.728367
0.611201
0.708571
0.491832
0.496971
0.767157
0.67788
0.690743
0.678672
0.818815
0.786264
0.684759
0.637324
0.793495
0.755758
0.859757
0.807338
0.715665
0.439019
0.668997
0.834603
0.819084
0.816116
0.813702
0.664652
0.701412
0.879861
0.789961
0.698972
0.665894
0.779279
0.771657
0.783426
0.763741
0.836055
0.765665
0.830728
0.681347
0.66893
0.587462
0.689905
0.717064
0.493526
